2050	
2096	
2005	
2082	
2070	
2030	
2000	
2096	
2040	
2070	
2016	
2019	
2037	
2064	
2090	
2012	
2094	
2064	
2024	
2060	
2088	
2027	
2048	
2020	
2078	
2010	
2097	
2076	
2050	
2004	
2056	
2084	
2001	
2012	
2062	
2066	
2096	
2038	
2016	
2096	
2046	
2000	
2061	
2051	
2008	
2022	
2060	
2058	
2012	
2002	
2094	
2022	
2096	
2001	
2064	
2090	
2020	
2042	
2030	
2092	
2084	
2018	
2024	
2080	
2024	
2025	
2034	
2055	
2029	
2036	
2032	
2076	
2099	
2054	
2004	
2056	
2092	
2001	
2044	
2086	
2030	
2076	
2050	
2016	
2084	
2057	
2013	
2008	
2030	
2038	
2064	
2052	
2000	
2053	
2076	
2083	
2056	
2030	
2092	
2049	
2059	
2072	
2036	
2040	
2056	
2001	
2056	
2058	
2001	
2069	
2001	
2044	
2020	
2072	
2016	
2010	
2084	
2050	
2029	
2049	
2060	
2048	
2065	
2074	
2065	
2064	
2076	
2086	
2094	
2092	
2044	
2040	
2000	
2016	
2024	
2041	
2024	
2052	
2012	
2092	
2048	
2052	
2091	
2028	
2065	
2048	
2040	
2054	
2094	
2084	
2032	
2010	
2052	
2076	
2020	
2030	
2040	
2025	
2064	
2020	
2046	
2021	
2004	
2052	
2020	
2005	
2096	
2072	
2086	
2064	
2014	
2058	
2052	
2032	
2050	
2006	
2088	
2022	
2039	
2007	
2030	
2036	
2024	
2004	
2006	
2096	
2088	
2082	
2050	
2014	
2096	
2038	
2060	
2068	
2036	
2094	
2068	
2092	
2054	
2043	
2070	
2014	
2046	
2044	
2071	
2042	
2024	
2052	
2064	
2056	
2086	
2048	
2062	
2001	
2036	
2098	
2089	
2094	
2088	
2000	
2027	
2072	
2064	
2098	
2082	
2013	
2007	
2044	
2034	
2048	
2060	
2096	
2035	
2024	
2076	
2061	
2036	
2035	
2056	
2012	
2088	
2043	
2068	
2016	
2088	
2064	
2076	
2016	
2070	
2089	
2095	
2060	
2015	
2060	
2002	
2092	
2016	
2028	
2096	
2024	
2062	
2058	
2024	
2069	
2054	
2020	
2072	
2054	
2084	
2093	
2058	
2096	
2028	
2024	
2076	
2011	
2060	
2051	
2096	
2024	
2066	
2025	
2016	
2048	
2098	
2014	
2086	
2001	
2008	
2092	
2024	
2066	
2074	
2008	
2013	
2038	
2050	
2080	
2090	
2008	
2077	
2026	
2060	
2020	
2041	
2034	
2012	
2037	
2094	
2012	
2064	
2056	
2092	
2019	
2001	
2032	
2089	
2000	
2017	
2088	
2044	
2004	
2056	
2052	
2018	
2088	
2004	
2068	
2052	
2076	
2000	
2084	
2069	
2048	
2033	
2084	
2086	
2094	
2085	
2096	
2090	
2053	
2006	
2050	
2020	
2063	
2040	
2032	
2061	
2084	
2086	
2056	
2095	
2060	
2092	
2094	
2020	
2097	
2072	
2084	
2001	
2048	
2047	
2092	
2006	
2009	
2084	
2015	
2093	
2054	
2005	
2072	
2079	
2024	
2036	
2027	
2074	
2098	
2004	
2040	
2041	
2088	
2070	
2064	
2048	
2022	
2008	
2076	
2028	
2030	
2056	
2004	
2058	
2000	
2086	
2030	
2040	
2008	
2048	
2048	
2056	
2074	
2029	
2037	
2066	
2002	
2061	
2014	
2095	
2088	
2094	
2052	
2006	
2028	
2074	
2018	
2050	
2028	
2020	
2056	
2073	
2089	
2092	
2050	
2068	
2099	
2082	
2073	
2062	
2084	
2037	
2036	
2080	
2033	
2010	
2032	
2084	
2043	
2049	
2024	
2004	
2044	
2080	
2054	
2036	
2041	
2044	
2033	
2048	
2044	
2016	
2084	
2044	
2016	
2072	
2062	
2022	
2020	
2004	
2008	
2016	
2044	
2021	
2040	
2064	
2068	
2080	
2041	
2009	
2028	
2052	
2005	
2008	
2014	
2030	
2004	
2016	
2076	
2042	
2028	
2022	
2054	
2084	
2092	
2082	
2072	
2028	
2028	
2038	
2044	
2016	
2032	
2034	
2036	
2036	
2001	
2061	
2034	
2058	
2040	
2012	
2014	
2060	
2048	
2040	
2062	
2032	
2005	
2035	
2029	
2062	
2032	
2051	
2016	
2015	
2078	
2038	
2038	
2024	
2047	
2048	
2056	
2032	
2046	
2045	
2016	
2046	
2068	
2060	
2003	
2010	
2036	
2096	
2064	
2096	
2066	
2019	
2002	
2070	
2030	
2018	
2024	
2024	
2056	
2038	
2016	
2008	
2025	
2052	
2045	
2030	
2042	
2072	
2069	
2082	
2052	
2012	
2096	
2030	
2095	
2064	
2036	
2008	
2056	
2066	
2036	
2064	
2076	
2024	
2067	
2040	
2077	
2072	
2020	
2036	
2012	
2012	
2002	
2080	
2014	
2056	
2036	
2030	
2064	
2089	
2092	
2000	
2088	
2080	
2067	
2034	
2022	
2078	
2016	
2085	
2008	
2008	
2096	
2052	
2006	
2072	
2056	
2072	
2074	
2066	
2056	
2043	
2032	
2052	
2020	
2058	
2032	
2000	
2074	
2094	
2068	
2049	
2088	
2058	
2012	
2053	
2020	
2049	
2044	
2066	
2016	
2020	
2096	
2012	
2082	
2001	
2075	
2044	
2030	
2035	
2052	
2066	
2056	
2092	
2070	
2008	
2068	
2092	
2036	
2044	
2000	
2052	
2008	
2092	
2015	
2009	
2092	
2060	
2000	
2024	
2084	
2096	
2076	
2024	
2025	
2091	
2001	
2022	
2006	
2014	
2034	
2086	
2068	
2038	
2094	
2012	
2014	
2016	
2040	
2016	
2020	
2004	
2064	
2064	
2060	
2040	
2086	
2092	
2080	
2084	
2035	
2084	
2067	
2086	
2036	
2044	
2028	
2088	
2044	
2038	
2033	
2008	
2024	
2096	
2032	
2080	
2036	
2088	
2002	
2081	
2053	
2026	
2004	
2020	
2076	
2000	
2040	
2088	
2036	
2040	
2012	
2012	
2095	
2024	
2068	
2018	
2058	
2035	
2027	
2008	
2074	
2088	
2060	
2044	
2072	
2028	
2065	
2084	
2042	
2048	
2096	
2090	
2034	
2049	
2088	
2043	
2073	
2054	
2010	
2075	
2090	
2094	
2082	
2083	
2021	
2092	
2064	
2048	
2092	
2048	
2080	
2004	
2071	
2024	
2020	
2082	
2088	
2024	
2077	
2038	
2072	
2037	
2084	
2048	
2067	
2002	
2016	
2072	
2086	
2063	
2098	
2064	
2084	
2088	
2004	
2056	
2082	
2086	
2067	
2006	
2017	
2007	
2047	
2092	
2044	
2084	
2086	
2001	
2076	
2092	
2030	
2012	
2032	
2044	
2084	
2098	
2018	
2064	
2025	
2071	
2037	
2007	
2052	
2052	
2062	
2050	
2008	
2010	
2072	
2048	
2095	
2084	
2046	
2088	
2046	
2060	
2028	
2045	
2038	
2088	
2052	
2096	
2096	
2088	
2088	
2044	
2080	
2056	
2004	
2042	
2064	
2036	
2078	
2092	
2072	
2040	
2004	
2076	
2029	
2006	
2024	
2060	
2080	
2064	
2032	
2084	
2026	
2088	
2058	
2041	
2061	
2005	
2036	
2040	
2048	
2024	
2054	
2016	
2030	
2068	
2068	
2056	
2008	
2080	
2024	
2052	
2034	
2022	
2009	
2084	
2072	
2048	
2052	
2096	
2050	
2085	
2022	
2024	
2060	
2075	
2014	
2004	
2052	
2063	
2005	
2038	
2004	
2012	
2045	
2032	
2098	
2028	
2014	
2032	
2024	
2072	
2012	
2060	
2005	
2087	
2066	
2042	
2091	
2032	
2092	
2008	
2033	
2002	
2060	
2018	
2050	
2068	
2060	
2022	
2091	
2089	
2094	
2022	
2038	
2088	
2006	
2060	
2060	
2028	
2024	
2006	
2040	
2078	
2077	
2052	
2096	
2056	
2010	
2048	
2014	
2027	
2068	
2024	
2052	
2081	
2082	
2068	
2088	
2012	
2015	
2004	
2028	
2008	
2034	
2000	
2096	
2027	
2080	
2006	
2000	
2040	
2084	
2014	
2080	
2056	
2044	
2037	
2066	
2037	
2061	
2087	
2050	
2072	
2024	
2044	
2018	
2058	
2042	
2012	
2068	
2060	
2076	
2041	
2056	
2012	
2020	
2096	
2039	
2044	
2063	
2080	
2076	
2086	
2068	
2010	
2045	
2044	
2064	
2084	
2008	
2034	
2052	
2020	
2076	
2066	
2079	
2010	
2029	
2069	
2072	
2016	
2056	
2021	
2074	
2096	
2059	
2036	
2024	
2080	
2028	
2028	
2070	
2080	
2036	
2036	
2052	
2054	
2099	
2080	
2092	
2070	
2098	
2050	
2044	
2068	
2058	
2008	
2072	
2097	
2054	
2036	
2012	
2044	
2048	
2076	
2059	
2015	
2060	
2016	
2098	
2084	
2028	
2092	
2060	
2000	
2058	
2052	
2060	
2060	
2070	
2056	
2027	
2010	
2054	
2076	
2004	
2052	
2028	
2013	
2004	
2076	
2076	
2055	
2007	
2086	
2056	
2086	
2068	
2008	
2040	
2088	
2079	
2057	
2085	
2096	
2008	
2018	
2002	
2012	
2009	
2058	
2092	
2032	
2008	
2010	
2011	
2026	
2074	
2026	
2032	
2088	
2064	
2064	
2008	
2047	
2062	
2005	
2036	
2064	
2024	
2045	
2024	
2031	
2006	
2076	
2084	
2005	
2052	
2032	
2028	
2076	
2014	
2088	
2080	
2024	
2084	
2044	
2028	
2014	
2072	
2097	
2008	
2042	
2084	
2094	
2040	
2036	
2040	
2022	
2012	
2050	
2083	
2054	
2040	
2018	
2065	
2092	
2009	
2072	
2050	
2008	
2087	
2094	
2052	
2053	
2012	
2072	
2072	
2077	
2060	
2006	
2000	
2004	
2040	
2014	
2024	
2064	
2032	
2088	
2088	
2028	
2064	
2000	
2070	
2041	
2084	
2000	
2012	
2028	
2096	
2000	
2015	
2024	
2076	
2088	
2012	
2028	
2004	
2088	
2072	
2098	
2070	
2017	
2098	
2052	
2018	
2044	
2008	
2092	
2020	
2016	
2012	
2042	
2016	
2028	
2012	
2012	
2039	
2053	
2056	
2072	
2004	
2020	
2080	
2015	
2016	
2073	
2080	
2088	
2042	
2070	
2072	
2098	
2096	
2068	
2085	
2056	
2052	
2033	
2064	
2012	
2084	
2062	
2038	
2027	
2080	
2062	
2024	
2064	
2056	
2099	
2030	
2010	
2088	
2099	
2056	
2040	
2090	
2068	
2072	
2096	
2019	
2029	
2030	
2094	
2021	
2033	
2056	
2056	
2048	
2020	
2015	
2080	
2073	
2072	
2088	
2090	
2062	
2080	
2028	
2016	
2072	
2088	
2042	
2036	
2092	
2049	
2038	
2072	
2000	
2065	
2053	
2094	
2000	
2028	
2048	
2048	
2008	
2022	
2028	
2031	
2060	
2000	
2000	
2036	
2002	
2042	
2016	
2050	
2030	
2018	
2002	
2026	
2052	
2092	
2083	
2094	
2013	
2066	
2007	
2016	
2036	
2000	
2030	
2090	
2088	
2090	
2080	
2060	
2064	
2052	
2061	
2067	
2004	
2082	
2052	
2080	
2076	
2005	
2072	
2011	
2030	
2064	
2004	
2092	
2030	
2088	
2011	
2020	
2052	
2044	
2038	
2002	
2054	
2092	
2092	
2016	
2022	
2014	
2074	
2062	
2044	
2020	
2054	
2032	
2012	
2014	
2054	
2080	
2076	
2060	
2004	
2052	
2024	
2077	
2056	
2041	
2080	
2036	
2016	
2082	
2076	
2028	
2002	
2058	
2027	
2041	
2029	
2047	
2066	
2040	
2008	
2016	
2025	
2068	
2004	
2031	
2060	
2079	
2004	
2036	
2036	
2014	
2061	
2076	
2048	
2016	
2004	
2016	
2016	
2000	
2052	
2018	
2017	
2043	
2080	
2060	
2041	
2090	
2052	
2069	
2081	
2038	
2036	
2058	
2012	
2068	
2042	
2092	
2034	
2092	
2056	
2042	
2032	
2022	
2061	
2074	
2068	
2032	
2006	
2026	
2080	
2064	
2017	
2040	
2058	
2066	
2074	
2020	
2020	
2084	
2040	
2084	
2020	
2018	
2028	
2022	
2028	
2044	
2087	
2047	
2032	
2038	
2096	
2006	
2069	
2050	
2012	
2024	
2088	
2088	
2076	
2084	
2040	
2000	
2093	
2031	
2066	
2004	
2096	
2012	
2094	
2066	
2076	
2012	
2040	
2092	
2032	
2025	
2016	
2090	
2034	
2004	
2022	
2084	
2098	
2014	
2084	
2052	
2065	
2000	
2063	
2040	
2020	
2016	
2020	
2006	
2012	
2012	
2008	
2070	
2087	
2066	
2092	
2088	
2098	
2059	
2048	
2008	
2080	
2088	
2018	
2034	
2076	
2060	
2012	
2079	
2035	
2048	
2041	
2078	
2058	
2076	
2068	
2086	
2014	
2048	
2056	
2030	
2032	
2060	
2036	
2038	
2098	
2008	
2006	
2066	
2096	
2071	
2001	
2088	
2092	
2062	
2058	
2086	
2036	
2080	
2028	
2032	
2052	
2025	
2016	
2096	
2032	
2063	
2091	
2070	
2064	
2062	
2008	
2034	
2024	
2092	
2060	
2084	
2027	
2029	
2072	
2045	
2093	
2014	
2068	
2040	
2048	
2093	
2033	
2088	
2048	
2062	
2058	
2038	
2092	
2024	
2081	
2076	
2044	
2058	
2029	
2067	
2088	
2001	
2081	
2066	
2064	
2049	
2036	
2022	
2088	
2096	
2008	
2086	
2072	
2016	
2042	
2020	
2026	
2064	
2057	
2041	
2027	
2053	
2054	
2044	
2086	
2055	
2059	
2001	
2056	
2021	
2044	
2070	
2000	
2061	
2074	
2022	
2084	
2081	
2042	
2099	
2052	
2098	
2044	
2060	
2028	
2088	
2052	
2067	
2076	
2042	
2020	
2024	
2052	
2028	
2002	
2029	
2074	
2088	
2052	
2000	
2081	
2049	
2062	
2008	
2060	
2092	
2022	
2040	
2088	
2064	
2058	
2044	
2045	
2044	
2096	
2026	
2076	
2029	
2080	
2044	
2056	
2036	
2064	
2082	
2084	
2003	
2084	
2082	
2076	
2084	
2060	
2048	
2096	
2084	
2044	
2069	
2064	
2052	
2052	
2058	
2083	
2004	
2036	
2096	
2061	
2024	
2080	
2044	
2034	
2094	
2092	
2019	
2024	
2071	
2080	
2008	
2030	
2022	
2040	
2000	
2038	
2078	
2072	
2004	
2092	